Reference sets for different mono-dimensional instances computed by vOpt

A1.DAT
ref = [[1225.0, 3096.0], [1230.0, 3094.0], [1240.0, 3085.0], [1245.0, 3074.0], [1265.0, 3065.0], [1275.0, 3056.0], [1280.0, 3054.0], [1285.0, 3049.0], [1290.0, 3044.0], [1295.0, 3042.0], [1300.0, 3038.0], [1305.0, 3029.0], [1310.0, 3022.0], [1315.0, 3020.0], [1320.0, 3018.0], [1330.0, 3013.0], [1335.0, 3008.0], [1340.0, 2996.0], [1345.0, 2744.0]]

A2.DAT
ref = [[523.0, 3332.0], [529.0, 3323.0], [545.0, 3306.0], [551.0, 3299.0], [557.0, 3290.0], [563.0, 3283.0], [564.0, 3273.0], [571.0, 3266.0], [577.0, 3259.0], [584.0, 3254.0], [586.0, 3247.0], [592.0, 3240.0], [598.0, 3231.0], [599.0, 3223.0], [604.0, 3222.0], [605.0, 3216.0], [606.0, 3208.0], [612.0, 3207.0], [618.0, 3200.0], [620.0, 3185.0], [625.0, 3183.0], [626.0, 3182.0], [627.0, 3176.0], [632.0, 3175.0], [638.0, 3166.0], [640.0, 3164.0], [645.0, 3151.0], [646.0, 3149.0], [652.0, 3146.0], [660.0, 3125.0], [666.0, 3124.0], [674.0, 3100.0], [680.0, 3099.0], [686.0, 3084.0], [700.0, 3053.0], [706.0, 3035.0], [713.0, 3029.0], [720.0, 3015.0], [748.0, 2968.0], [754.0, 2950.0]]

A3.DAT
ref = [[1063.0, 3075.0], [1066.0, 3073.0], [1083.0, 3056.0], [1092.0, 3045.0], [1096.0, 3037.0], [1099.0, 3035.0], [1100.0, 3031.0], [1112.0, 3026.0], [1116.0, 2818.0], [1119.0, 2805.0], [1121.0, 2791.0], [1122.0, 2790.0], [1125.0, 2784.0], [1128.0, 2775.0], [1129.0, 2569.0], [1132.0, 2560.0], [1135.0, 2349.0], [1136.0, 2140.0], [1139.0, 1921.0], [1141.0, 1484.0], [1142.0, 1275.0]]

A4.DAT
ref = [[2056.0, 3542.0], [2429.0, 3441.0], [2437.0, 3440.0], [2498.0, 3420.0], [2826.0, 3345.0], [2830.0, 3149.0], [2862.0, 3147.0], [2879.0, 3138.0], [2896.0, 3131.0], [2936.0, 3125.0], [2977.0, 3116.0], [3005.0, 3104.0], [3014.0, 3103.0], [3037.0, 3090.0], [3046.0, 3089.0], [3083.0, 3082.0], [3161.0, 3070.0], [3162.0, 3056.0], [3203.0, 3043.0], [3235.0, 3041.0], [3244.0, 3032.0], [3268.0, 3029.0], [3350.0, 3010.0], [3382.0, 3008.0], [3419.0, 2994.0], [3436.0, 2973.0], [3444.0, 2792.0], [3452.0, 2782.0], [3492.0, 2763.0], [3524.0, 2760.0], [3550.0, 2757.0], [3570.0, 2754.0], [3602.0, 2751.0], [3603.0, 2742.0], [3639.0, 2733.0], [3656.0, 2712.0], [3685.0, 2708.0], [3686.0, 2707.0], [3754.0, 2696.0], [3759.0, 2692.0], [3791.0, 2691.0], [3817.0, 2686.0], [3824.0, 2680.0], [3906.0, 2646.0], [3975.0, 2630.0], [3991.0, 2438.0], [3992.0, 2427.0], [4126.0, 2389.0], [4195.0, 2368.0], [4212.0, 2166.0], [4258.0, 2151.0], [4326.0, 2140.0], [4364.0, 2124.0], [4373.0, 1935.0], [4374.0, 1528.0]]

D1.DAT
ref = [[1345.0, 2803.0], [1355.0, 2798.0], [1360.0, 2796.0], [1365.0, 2785.0], [1370.0, 2783.0], [1380.0, 2778.0], [1390.0, 2772.0], [1400.0, 2759.0], [1405.0, 2756.0], [1410.0, 2754.0], [1415.0, 2752.0], [1420.0, 2749.0], [1425.0, 2738.0], [1430.0, 2736.0], [1435.0, 2727.0], [1440.0, 2698.0]]

D2.DAT
ref = [[849.0, 1858.0], [859.0, 1848.0], [869.0, 1837.0], [880.0, 1830.0], [938.0, 1787.0], [948.0, 1778.0], [953.0, 1771.0], [954.0, 1769.0], [981.0, 1701.0], [991.0, 1692.0], [996.0, 1686.0], [997.0, 1682.0], [1002.0, 1582.0], [1004.0, 1580.0], [1005.0, 1577.0], [1008.0, 1574.0], [1020.0, 1563.0], [1025.0, 1462.0], [1026.0, 1459.0], [1033.0, 1311.0]]

D3.DAT
ref = [[742.0, 697.0], [746.0, 696.0], [776.0, 689.0], [783.0, 685.0], [786.0, 683.0], [790.0, 677.0], [793.0, 675.0], [795.0, 673.0], [798.0, 671.0], [799.0, 669.0], [801.0, 666.0], [803.0, 629.0], [804.0, 627.0], [808.0, 623.0], [811.0, 588.0], [814.0, 570.0], [817.0, 569.0], [820.0, 568.0], [821.0, 565.0], [822.0, 534.0], [823.0, 531.0], [824.0, 496.0], [825.0, 495.0], [829.0, 455.0]]

D4.DAT
ref = [[950.0, 1678.0], [960.0, 1672.0], [988.0, 1669.0], [998.0, 1660.0], [1004.0, 1651.0], [1007.0, 1646.0], [1011.0, 1384.0], [1014.0, 1148.0]]

ZL28.DAT
ref = [[907.0, 1223.0], [974.0, 1212.0], [986.0, 1206.0], [999.0, 1196.0], [1053.0, 1186.0], [1054.0, 1185.0], [1065.0, 1180.0], [1066.0, 1179.0], [1109.0, 1173.0], [1121.0, 1167.0], [1122.0, 1142.0], [1125.0, 1139.0], [1126.0, 1138.0], [1172.0, 1135.0], [1181.0, 1092.0], [1183.0, 1088.0], [1192.0, 1078.0], [1220.0, 1041.0], [1221.0, 982.0], [1233.0, 979.0], [1242.0, 913.0]]

kp28c1W-c2ZL.DAT
ref = [[93130.0, 1223.0], [94020.0, 1210.0], [103520.0, 1202.0], [117215.0, 1201.0], [125545.0, 1197.0], [125705.0, 1196.0], [127055.0, 1195.0], [127215.0, 1194.0], [128325.0, 1184.0], [149672.0, 1151.0], [150562.0, 1138.0], [150962.0, 1099.0], [154052.0, 1098.0], [154662.0, 1073.0], [155272.0, 1031.0], [156472.0, 994.0], [156743.0, 973.0]]

kp28cW-WZL.DAT
ref = [[53047.0, 165830.0], [55882.0, 164961.0], [57137.0, 164710.0], [57427.0, 164618.0], [58502.0, 163910.0], [59910.0, 163846.0], [60200.0, 163754.0], [63360.0, 162890.0], [64235.0, 162695.0], [64615.0, 162639.0], [64735.0, 162322.0], [66437.0, 161670.0], [67015.0, 161571.0], [67127.0, 161558.0], [67720.0, 161520.0], [68615.0, 161483.0], [68650.0, 161264.0], [68825.0, 161202.0], [69980.0, 160683.0], [71388.0, 160619.0], [71508.0, 160302.0], [71930.0, 160083.0], [73765.0, 159935.0], [73900.0, 159538.0], [74493.0, 159500.0], [74994.0, 159355.0], [75748.0, 159249.0], [75952.0, 159200.0], [78145.0, 158723.0], [78872.0, 158240.0], [79374.0, 158143.0], [79958.0, 157812.0], [79967.0, 157754.0], [81222.0, 157503.0], [82505.0, 157353.0], [83287.0, 157125.0], [83615.0, 156695.0], [83995.0, 156639.0], [84898.0, 156545.0], [85252.0, 156160.0], [86147.0, 156123.0], [87667.0, 155913.0], [88320.0, 155488.0], [89278.0, 155333.0], [90060.0, 155105.0], [90440.0, 155049.0], [90507.0, 154753.0], [90560.0, 154732.0], [90682.0, 154691.0], [90717.0, 154472.0], [91100.0, 154364.0], [91212.0, 154351.0], [91275.0, 154302.0], [91757.0, 154183.0], [92355.0, 154113.0], [92530.0, 154051.0], [92952.0, 153968.0], [93545.0, 153930.0], [94440.0, 153893.0], [94800.0, 153679.0], [94975.0, 153617.0], [95128.0, 153249.0], [95657.0, 153205.0], [96137.0, 152971.0], [96622.0, 152710.0], [96797.0, 152648.0], [97312.0, 152598.0], [98800.0, 152523.0], [99010.0, 152242.0], [99079.0, 152148.0], [100037.0, 151993.0], [100290.0, 151809.0], [100819.0, 151765.0], [101573.0, 151659.0], [101748.0, 151597.0], [102667.0, 151125.0], [102957.0, 151033.0], [103950.0, 150975.0], [104430.0, 150741.0], [105199.0, 150553.0], [105319.0, 150236.0], [106108.0, 150227.0], [107135.0, 149978.0], [107372.0, 149918.0], [108330.0, 149763.0], [109559.0, 149183.0], [110027.0, 148841.0], [110152.0, 148794.0], [110212.0, 148758.0], [110327.0, 148732.0], [110387.0, 148696.0], [110809.0, 148613.0], [111407.0, 148543.0], [112297.0, 148538.0], [112332.0, 148319.0], [112507.0, 148257.0], [112657.0, 147973.0], [114145.0, 147898.0], [114180.0, 147679.0], [114355.0, 147617.0], [115189.0, 147401.0], [116657.0, 147168.0], [116867.0, 146887.0], [117250.0, 146779.0], [117362.0, 146766.0], [118505.0, 146528.0], [118680.0, 146466.0], [118715.0, 146247.0], [119549.0, 146031.0], [120867.0, 145731.0], [121397.0, 145391.0], [121460.0, 145342.0], [121572.0, 145329.0], [121942.0, 145223.0], [122715.0, 145091.0], [123640.0, 144867.0], [124135.0, 144746.0], [124904.0, 144558.0], [125024.0, 144241.0], [125488.0, 144227.0], [126322.0, 144011.0], [126717.0, 143647.0], [128009.0, 143439.0], [128495.0, 143376.0], [129264.0, 143188.0], [129439.0, 143126.0], [130397.0, 142971.0], [132219.0, 142002.0], [132705.0, 141939.0], [133474.0, 141751.0], [134894.0, 141406.0], [136037.0, 141168.0], [136212.0, 141106.0], [136247.0, 140887.0], [136577.0, 140336.0], [139254.0, 140036.0], [140572.0, 139736.0], [140787.0, 138899.0], [141489.0, 138730.0], [143464.0, 138599.0], [144062.0, 138179.0], [146027.0, 138016.0], [146202.0, 137954.0], [146835.0, 137315.0], [150562.0, 136584.0], [150962.0, 135664.0], [154052.0, 135027.0], [154452.0, 134107.0], [154662.0, 124919.0], [154921.0, 114486.0], [155272.0, 114261.0], [156472.0, 113909.0], [156743.0, 113517.0]]
